Timestamp: 2021-04-06 12:43:52.410879, value: 3, args: [1, 1, 1]
Timestamp: 2021-04-06 12:43:53.435142, value: 4, args: [1, 1, 2]
Timestamp: 2021-04-06 12:43:54.699540, value: 7, args: [1, 1, 5]
Timestamp: 2021-04-06 12:46:34.807325, value: David, David, args: ['David']
